18 Maximum order of Clenshaw-Curtiss quadrature using file:
CCPts_Wts
Li+-N2 potentials (Inf-Z) from Wright (2011).
The input values of R and V are fit by clamped cubic splines.
0.001 0.6E-7 0.06301 3
19 is the number of equally-spaced angles for the potential.
61 is the maximum number of separations at any angle.
90 indicates that the diatomic ion is heteronuclear; 90 for homonuclear.
T indicates that the Monchick-Mason approximation should be used.
61 separations and energies for 0 degrees
    2.4566439727500        1.4135965706600
    2.6456165860400       0.95003590436100
    2.8345891993300       0.62144245954100
    3.0235618126200       0.39674908088500
    3.2125344259100       0.24607699573800
    3.4015070391900       0.14659428623000
    3.5904796524800       0.81648907377050E-01
    3.7794522657700       0.39829430491800E-01
    3.9684248790600       0.13395506721310E-01
    4.1573974923500      -0.28604267213110E-02
    4.3463701056400      -0.12431810327870E-01
    4.5353427189300      -0.17656439836070E-01
    4.7243153322100      -0.20091502295080E-01
    4.9132879455000      -0.20769291475410E-01
    5.1022605587900      -0.20373736557380E-01
    5.2912331720800      -0.19357107377050E-01
    5.4802057853700      -0.18016081803280E-01
    5.6691783986600      -0.16541015737710E-01
    5.8581510119500      -0.15050429344260E-01
    6.0471236252300      -0.13614639508200E-01
    6.2360962385200      -0.12272460000000E-01
    6.4250688518100      -0.11042305409840E-01
    6.6140414651000      -0.99298755737700E-02
    6.8030140783900      -0.89328957377050E-02
    6.9919866916800      -0.80448429508200E-02
    7.1809593049700      -0.72568367213110E-02
    7.3699319182500      -0.65591195081970E-02
    7.5589045315400      -0.59419352459020E-02
    7.9368497581200      -0.49125783606560E-02
    8.3147949847000      -0.41025395081970E-02
    8.6927402112700      -0.34598126229510E-02
    9.0706854378500      -0.29446147540980E-02
    9.4486306644300      -0.25274222950820E-02
    9.8265758910100      -0.21861467213110E-02
    10.204521117600      -0.19043190163930E-02
    10.582466344200      -0.16694152459020E-02
    10.960411570700      -0.14719739344260E-02
    11.338356797300      -0.13047736065570E-02
    12.283219863800      -0.98476049180300E-03
    13.228082930200      -0.76144524590200E-03
    14.172945996600      -0.60075622950800E-03
    15.117809063100      -0.48220229508200E-03
    16.062672129500      -0.39290645875400E-03
    17.007535196000      -0.32430261088500E-03
    17.952398262400      -0.27078803829500E-03
    18.897261328900      -0.22839559134400E-03
    19.842124395300      -0.19441266124600E-03
    20.786987461700      -0.16685181563900E-03
    21.731850528200      -0.14422481227900E-03
    22.676713594600      -0.12551526698400E-03
    23.621576661100      -0.10990339145900E-03
    24.566439727500      -0.96772682990000E-04
    25.511302794000      -0.85654247774000E-04
    26.456165860400      -0.76175690851000E-04
    27.401028926800      -0.68036359267000E-04
    28.345891993300      -0.61021710095000E-04
    29.290755059700      -0.54922322972000E-04
    30.235618126200      -0.49619229734000E-04
    31.180481192600      -0.44977534730000E-04
    32.125344259100      -0.40896438941000E-04
    33.070207325500      -0.37282073626000E-04
    61 separations and energies for 5 degrees
    2.4566439727500        1.3656490550800
    2.6456165860400       0.93166474580300
    2.8345891993300       0.61105069645900
    3.0235618126200       0.39045781570500
    3.2125344259100       0.24222546196700
    3.4015070391900       0.14425347065600
    3.5904796524800       0.80257489180330E-01
    3.7794522657700       0.39037056229510E-01
    3.9684248790600       0.12980198196720E-01
    4.1573974923500      -0.30406326229510E-02
    4.3463701056400      -0.12467843934430E-01
    4.5353427189300      -0.17606344754100E-01
    4.7243153322100      -0.19992224754100E-01
    4.9132879455000      -0.20644309180330E-01
    5.1022605587900      -0.20238005573770E-01
    5.2912331720800      -0.19219978196720E-01
    5.4802057853700      -0.17883080491800E-01
    5.6691783986600      -0.16415290819670E-01
    5.8581510119500      -0.14933475901640E-01
    6.0471236252300      -0.13507078032790E-01
    6.2360962385200      -0.12174229016390E-01
    6.4250688518100      -0.10953035901640E-01
    6.6140414651000      -0.98488955737700E-02
    6.8030140783900      -0.88596277049180E-02
    6.9919866916800      -0.79785054098360E-02
    7.1809593049700      -0.71967606557380E-02
    7.3699319182500      -0.65046134426230E-02
    7.5589045315400      -0.58923786885250E-02
    7.9368497581200      -0.48713713114750E-02
    8.3147949847000      -0.40679414754100E-02
    8.6927402112700      -0.34304426229510E-02
    9.0706854378500      -0.29195252459020E-02
    9.4486306644300      -0.25057927868850E-02
    9.8265758910100      -0.21673777049180E-02
    10.204521117600      -0.18878690163930E-02
    10.582466344200      -0.16549457377050E-02
    10.960411570700      -0.14591844262300E-02
    11.338356797300      -0.12933531147540E-02
    12.283219863800      -0.97608049180300E-03
    13.228082930200      -0.75464426229500E-03
    14.172945996600      -0.59533524590200E-03
    15.117809063100      -0.47782180327900E-03
    16.062672129500      -0.38929514334400E-03
    17.007535196000      -0.32132464209800E-03
    17.952398262400      -0.26827657468900E-03
    18.897261328900      -0.22626669823000E-03
    19.842124395300      -0.19257842675400E-03
    20.786987461700      -0.16524460170500E-03
    21.731850528200      -0.14284740714800E-03
    22.676713594600      -0.12431245406600E-03
    23.621576661100      -0.10884515883600E-03
    24.566439727500      -0.95836433287000E-04
    25.511302794000      -0.84821934398000E-04
    26.456165860400      -0.75432463225000E-04
    27.401028926800      -0.67369788928000E-04
    28.345891993300      -0.60420175372000E-04
    29.290755059700      -0.54379468062000E-04
    30.235618126200      -0.49127366415000E-04
    31.180481192600      -0.44530323818000E-04
    32.125344259100      -0.40488538551000E-04
    33.070207325500      -0.36909059511000E-04
    61 separations and energies for 10 degrees
  2.45664397275     1.27816343066
  2.64561658604    0.881931881803
  2.83458919933    0.581583299803
  3.02356181262    0.372413365508
  3.21253442591    0.231132151311
  3.40150703919    0.137499809836
  3.59047965248  7.624207639344E-02
  3.77945226577  3.675317508197E-02
  3.96842487906  1.178769786885E-02
  4.15739749235 -3.551968196721E-03
  4.34637010564 -1.256120934426E-02
  4.53534271893 -1.745018426229E-02
  4.72431533221 -1.969376754098E-02
  4.91328794550 -2.027200819672E-02
  5.10226055879 -1.983523852459E-02
  5.29123317208 -1.881382213115E-02
  5.48020578537 -1.748963803279E-02
  5.66917839866 -1.604356262295E-02
  5.85815101195 -1.458800803279E-02
  6.04712362523 -1.318938311475E-02
  6.23609623852 -1.188419754098E-02
  6.42506885181 -1.068942590164E-02
  6.61404146510 -9.609958524590E-03
  6.80301407839 -8.643252131148E-03
  6.99198669168 -7.782632786885E-03
  7.18095930497 -7.019269016393E-03
  7.36993191825 -6.343593278689E-03
  7.55890453154 -5.746060000000E-03
  7.93684975812 -4.749598688525E-03
  8.31479498470 -3.965645409836E-03
  8.69274021127 -3.343735573770E-03
  9.07068543785 -2.845357213115E-03
  9.44863066443 -2.441844754098E-03
  9.82657589101 -2.111799180328E-03
  10.2045211176 -1.839250491803E-03
  10.5824663442 -1.612116229508E-03
  10.9604115707 -1.421254918033E-03
  11.3383567973 -1.259582622951E-03
  12.2832198638 -9.502985245900E-04
  13.2280829302 -7.345122950820E-04
  14.1729459966 -5.793137704920E-04
  15.1178090631 -4.648508196720E-04
  16.0626721295 -3.786295832130E-04
  17.0075351960 -3.124451210490E-04
  17.9523982624 -2.608157282620E-04
  18.8972613289 -2.199269691800E-04
  19.8421243953 -1.871546224260E-04
  20.7869874617 -1.605617762620E-04
  21.7318505282 -1.387658893110E-04
  22.6767135946 -1.207434856390E-04
  23.6215766611 -1.056959766560E-04
  24.5664397275 -9.305838273900E-05
  25.5113027940 -8.235199233900E-05
  26.4561658604 -7.322686607200E-05
  27.4010289268 -6.539159186700E-05
  28.3458919933 -5.863896646200E-05
  29.2907550597 -5.277015100000E-05
  30.2356181262 -4.766825745700E-05
  31.1804811926 -4.320319705200E-05
  32.1253442591 -3.927791221100E-05
  33.0702073255 -3.580184112500E-05
  61 separations and energies for 15 degrees
  2.45664397275     1.17039127738
  2.64561658604    0.811000370984
  2.83458919933    0.537319557213
  3.02356181262    0.344842573836
  3.21253442591    0.214062041967
  3.40150703919    0.127077170328
  3.59047965248  7.004326754098E-02
  3.77945226577  3.323689459016E-02
  3.96842487906  9.966690819672E-03
  4.15739749235 -4.312951803279E-03
  4.34637010564 -1.267135098361E-02
  4.53534271893 -1.717224573771E-02
  4.72431533221 -1.919559868852E-02
  4.91328794550 -1.966060524590E-02
  5.10226055879 -1.917850278689E-02
  5.29123317208 -1.815411213115E-02
  5.48020578537 -1.685208442623E-02
  5.66917839866 -1.544215360656E-02
  5.85815101195 -1.402952180328E-02
  6.04712362523 -1.267624672131E-02
  6.23609623852 -1.141592606557E-02
  6.42506885181 -1.026395885246E-02
  6.61404146510 -9.224293934426E-03
  6.80301407839 -8.294040491803E-03
  6.99198669168 -7.466423606557E-03
  7.18095930497 -6.732701803279E-03
  7.36993191825 -6.083528032787E-03
  7.55890453154 -5.509532786885E-03
  7.93684975812 -4.552759016393E-03
  8.31479498470 -3.800262786885E-03
  8.69274021127 -3.203429508197E-03
  9.07068543785 -2.725300655738E-03
  9.44863066443 -2.338226721311E-03
  9.82657589101 -2.021721147541E-03
  10.2045211176 -1.760391967213E-03
  10.5824663442 -1.542657213115E-03
  10.9604115707 -1.359704918033E-03
  11.3383567973 -1.204803114754E-03
  12.2832198638 -9.084460655740E-04
  13.2280829302 -7.018198360660E-04
  14.1729459966 -5.532513114750E-04
  15.1178090631 -4.437388524590E-04
  16.0626721295 -3.612784813110E-04
  17.0075351960 -2.979995231480E-04
  17.9523982624 -2.486507787540E-04
  18.8972613289 -2.096025198690E-04
  19.8421243953 -1.783191908200E-04
  20.7869874617 -1.529233996070E-04
  21.7318505282 -1.321359973770E-04
  22.6767135946 -1.149262704260E-04
  23.6215766611 -1.005876712790E-04
  24.5664397275 -8.852955775600E-05
  25.5113027940 -7.831741476900E-05
  26.4561658604 -6.963022109000E-05
  27.4010289268 -6.216541447400E-05
  28.3458919933 -5.573382630000E-05
  29.2907550597 -5.014521675700E-05
  30.2356181262 -4.528817109200E-05
  31.1804811926 -4.103830574100E-05
  32.1253442591 -3.730296393800E-05
  33.0702073255 -3.399548218200E-05
  61 separations and energies for 20 degrees
  2.45664397275     1.05044491262
  2.64561658604    0.727859055541
  2.83458919933    0.483495700721
  3.02356181262    0.310752428295
  3.21253442591    0.192787929344
  3.40150703919    0.114045683770
  3.59047965248  6.229585819672E-02
  3.77945226577  2.886349967213E-02
  3.96842487906  7.732981967213E-03
  4.15739749235 -5.206143278689E-03
  4.34637010564 -1.274140852459E-02
  4.53534271893 -1.675251475410E-02
  4.72431533221 -1.849976213115E-02
  4.91328794550 -1.882517688525E-02
  5.10226055879 -1.829006245902E-02
  5.29123317208 -1.726631147541E-02
  5.48020578537 -1.599691803279E-02
  5.66917839866 -1.463721918033E-02
  5.85815101195 -1.328319803279E-02
  6.04712362523 -1.199108327869E-02
  6.23609623852 -1.079095754098E-02
  6.42506885181 -9.696234262295E-03
  6.61404146510 -8.709711803279E-03
  6.80301407839 -7.828051311475E-03
  6.99198669168 -7.044345901639E-03
  7.18095930497 -6.350086557377E-03
  7.36993191825 -5.736143278689E-03
  7.55890453154 -5.193569016393E-03
  7.93684975812 -4.289519344262E-03
  8.31479498470 -3.578879180328E-03
  8.69274021127 -3.015524426230E-03
  9.07068543785 -2.564364098361E-03
  9.44863066443 -2.199270163934E-03
  9.82657589101 -1.900813606557E-03
  10.2045211176 -1.654463442623E-03
  10.5824663442 -1.449277704918E-03
  10.9604115707 -1.276913934426E-03
  11.3383567973 -1.131010655738E-03
  12.2832198638 -8.520726229510E-04
  13.2280829302 -6.577159016390E-04
  14.1729459966 -5.180983606560E-04
  15.1178090631 -4.152363934430E-04
  16.0626721295 -3.378343202620E-04
  17.0075351960 -2.784939315410E-04
  17.9523982624 -2.322581580980E-04
  18.8972613289 -1.956556307380E-04
  19.8421243953 -1.663472578200E-04
  20.7869874617 -1.425963970000E-04
  21.7318505282 -1.231389985410E-04
  22.6767135946 -1.070617390330E-04
  23.6215766611 -9.365942313900E-05
  24.5664397275 -8.239767005600E-05
  25.5113027940 -7.286417935400E-05
  26.4561658604 -6.475828610700E-05
  27.4010289268 -5.779483070500E-05
  28.3458919933 -5.179770695700E-05
  29.2907550597 -4.658834324800E-05
  30.2356181262 -4.206278433400E-05
  31.1804811926 -3.810426516400E-05
  32.1253442591 -3.462615148400E-05
  33.0702073255 -3.154650941100E-05
  61 separations and energies for 25 degrees
  2.45664397275    0.925532354951
  2.64561658604    0.639651217541
  2.83458919933    0.425124458459
  3.02356181262    0.273286871508
  3.21253442591    0.169241046230
  3.40150703919  9.958467426230E-02
  3.59047965248  5.371375639344E-02
  3.77945226577  2.405738213115E-02
  3.96842487906  5.329918360656E-03
  4.15739749235 -6.101364918033E-03
  4.34637010564 -1.271110295082E-02
  4.53534271893 -1.617344606557E-02
  4.72431533221 -1.761428983607E-02
  4.91328794550 -1.778859819672E-02
  5.10226055879 -1.720076918033E-02
  5.29123317208 -1.618500229508E-02
  5.48020578537 -1.495948409836E-02
  5.66917839866 -1.366324016393E-02
  5.85815101195 -1.238168213115E-02
  6.04712362523 -1.116438016393E-02
  6.23609623852 -1.003744131147E-02
  6.42506885181 -9.011889508197E-03
  6.61404146510 -8.089428032787E-03
  6.80301407839 -7.266166557377E-03
  6.99198669168 -6.535262131148E-03
  7.18095930497 -5.888362786885E-03
  7.36993191825 -5.316750000000E-03
  7.55890453154 -4.811874754098E-03
  7.93684975812 -3.971148196721E-03
  8.31479498470 -3.310854590164E-03
  8.69274021127 -2.787768360656E-03
  9.07068543785 -2.369117540984E-03
  9.44863066443 -2.030513114754E-03
  9.82657589101 -1.753845573770E-03
  10.2045211176 -1.525604426230E-03
  10.5824663442 -1.335608196721E-03
  10.9604115707 -1.176073442623E-03
  11.3383567973 -1.041088688525E-03
  12.2832198638 -7.832691803280E-04
  13.2280829302 -6.038524590160E-04
  14.1729459966 -4.750949180330E-04
  15.1178090631 -3.803539344260E-04
  16.0626721295 -3.091161912130E-04
  17.0075351960 -2.545878426230E-04
  17.9523982624 -2.121054077380E-04
  18.8972613289 -1.785359032130E-04
  19.8421243953 -1.516531200000E-04
  20.7869874617 -1.299032784260E-04
  21.7318505282 -1.120961590330E-04
  22.6767135946 -9.739337692600E-05
  23.6215766611 -8.514553814100E-05
  24.5664397275 -7.486037843100E-05
  25.5113027940 -6.615919960800E-05
  26.4561658604 -5.876709093600E-05
  27.4010289268 -5.241925546200E-05
  28.3458919933 -4.695585954600E-05
  29.2907550597 -4.221242444800E-05
  30.2356181262 -3.809420877700E-05
  31.1804811926 -3.449379676900E-05
  32.1253442591 -3.133183676700E-05
  33.0702073255 -2.853292176700E-05
  61 separations and energies for 30 degrees
  2.45664397275    0.802026037803
  2.64561658604    0.551994280951
  2.83458919933    0.366421022918
  3.02356181262    0.235255849377
  3.21253442591    0.145212428361
  3.40150703919  8.481071868852E-02
  3.59047965248  4.497949819672E-02
  3.77945226577  1.922445934426E-02
  3.96842487906  2.987734426230E-03
  4.15739749235 -6.879131147541E-03
  4.34637010564 -1.252997868852E-02
  4.53534271893 -1.542677672131E-02
  4.72431533221 -1.655625491803E-02
  4.91328794550 -1.658230934426E-02
  5.10226055879 -1.594940868852E-02
  5.29123317208 -1.495197983607E-02
  5.48020578537 -1.378185737705E-02
  5.66917839866 -1.256086786885E-02
  5.85815101195 -1.136321147541E-02
  6.04712362523 -1.023156278688E-02
  6.23609623852 -9.187749344262E-03
  6.42506885181 -8.240427540984E-03
  6.61404146510 -7.390175081967E-03
  6.80301407839 -6.632662131148E-03
  6.99198669168 -5.961015245902E-03
  7.18095930497 -5.367264426230E-03
  7.36993191825 -4.843079180328E-03
  7.55890453154 -4.380481967213E-03
  7.93684975812 -3.610827540984E-03
  8.31479498470 -3.007100491803E-03
  8.69274021127 -2.529291803279E-03
  9.07068543785 -2.147250491803E-03
  9.44863066443 -1.838515573770E-03
  9.82657589101 -1.586467540984E-03
  10.2045211176 -1.378695409836E-03
  10.5824663442 -1.205867213115E-03
  10.9604115707 -1.060881475410E-03
  11.3383567973 -9.383267213110E-04
  12.2832198638 -7.045057377050E-04
  13.2280829302 -5.420780327870E-04
  14.1729459966 -4.257414754100E-04
  15.1178090631 -3.402609836070E-04
  16.0626721295 -2.760987787540E-04
  17.0075351960 -2.270604918030E-04
  17.9523982624 -1.889063066230E-04
  18.8972613289 -1.588059341640E-04
  19.8421243953 -1.347282163930E-04
  20.7869874617 -1.152752304100E-04
  21.7318505282 -9.935917780300E-05
  22.6767135946 -8.623795677700E-05
  23.6215766611 -7.531892307000E-05
  24.5664397275 -6.615869921600E-05
  25.5113027940 -5.841643841500E-05
  26.4561658604 -5.184718458000E-05
  27.4010289268 -4.620926568700E-05
  28.3458919933 -4.136143276600E-05
  29.2907550597 -3.715441808000E-05
  30.2356181262 -3.350698731000E-05
  31.1804811926 -3.032005920200E-05
  32.1253442591 -2.752316708000E-05
  33.0702073255 -2.503999402600E-05
  61 separations and energies for 35 degrees
  2.45664397275    0.685099815639
  2.64561658604    0.469100649475
  2.83458919933    0.310584670656
  3.02356181262    0.198874367967
  3.21253442591    0.122156470656
  3.40150703919  7.064639770492E-02
  3.59047965248  3.666030229508E-02
  3.77945226577  1.469960295082E-02
  3.96842487906  8.916142622950E-04
  4.15739749235 -7.449399508197E-03
  4.34637010564 -1.216757540984E-02
  4.53534271893 -1.451860000000E-02
  4.72431533221 -1.535331819672E-02
  4.91328794550 -1.524593114754E-02
  5.10226055879 -1.458132278689E-02
  5.29123317208 -1.361430344262E-02
  5.48020578537 -1.251043721312E-02
  5.66917839866 -1.137430967213E-02
  5.85815101195 -1.026919491803E-02
  6.04712362523 -9.230736557377E-03
  6.23609623852 -8.276675081967E-03
  6.42506885181 -7.413492786885E-03
  6.61404146510 -6.640545901639E-03
  6.80301407839 -5.953279016393E-03
  6.99198669168 -5.344898196721E-03
  7.18095930497 -4.807803442623E-03
  7.36993191825 -4.334153770492E-03
  7.55890453154 -3.916592622951E-03
  7.93684975812 -3.222739344262E-03
  8.31479498470 -2.679377377049E-03
  8.69274021127 -2.249986229508E-03
  9.07068543785 -1.907123442623E-03
  9.44863066443 -1.630417540984E-03
  9.82657589101 -1.404829016393E-03
  10.2045211176 -1.219095901639E-03
  10.5824663442 -1.064776721311E-03
  10.9604115707 -9.355104918030E-04
  11.3383567973 -8.263542622950E-04
  12.2832198638 -6.185322950820E-04
  13.2280829302 -4.745750819670E-04
  14.1729459966 -3.716875409840E-04
  15.1178090631 -2.963180327870E-04
  16.0626721295 -2.398917930490E-04
  17.0075351960 -1.968355058360E-04
  17.9523982624 -1.634187614430E-04
  18.8972613289 -1.371183540980E-04
  19.8421243953 -1.161183282950E-04
  20.7869874617 -9.917165497700E-05
  21.7318505282 -8.533575078700E-05
  22.6767135946 -7.395171184900E-05
  23.6215766611 -6.449126812500E-05
  24.5664397275 -5.656851973100E-05
  25.5113027940 -4.988074948700E-05
  26.4561658604 -4.421671971300E-05
  27.4010289268 -3.936013596600E-05
  28.3458919933 -3.519002327400E-05
  29.2907550597 -3.157499217900E-05
  30.2356181262 -2.844527974800E-05
  31.1804811926 -2.571267679500E-05
  32.1253442591 -2.331807145100E-05
  33.0702073255 -2.121018123600E-05
  60 separations and energies for 40 degrees
  2.45664397275    0.578494217410
  2.64561658604    0.393827501279
  2.83458919933    0.259777245508
  3.02356181262    0.165676630000
  3.21253442591    0.101103688689
  3.40150703919  5.775387049180E-02
  3.59047965248  2.916280803279E-02
  3.77945226577  1.071791688525E-02
  3.96842487906 -8.355634426230E-04
  4.15739749235 -7.761537540984E-03
  4.34637010564 -1.161844442623E-02
  4.53534271893 -1.347109426229E-02
  4.72431533221 -1.404358754098E-02
  4.91328794550 -1.382581147541E-02
  5.10226055879 -1.314607590164E-02
  5.29123317208 -1.222164606557E-02
  5.48020578537 -1.119314557377E-02
  5.66917839866 -1.014884049180E-02
  5.85815101195 -9.141412459016E-03
  6.04712362523 -8.200252459016E-03
  6.23609623852 -7.339211967213E-03
  6.42506885181 -6.562685245902E-03
  6.61404146510 -5.869202950820E-03
  6.80301407839 -5.253909672131E-03
  6.99198669168 -4.710262459016E-03
  7.18095930497 -4.231061311475E-03
  7.36993191825 -3.809085737705E-03
  7.55890453154 -3.437528688525E-03
  7.93684975812 -2.821195081967E-03
  8.31479498470 -2.339647213115E-03
  8.69274021127 -1.959891639344E-03
  9.07068543785 -1.657316885246E-03
  9.44863066443 -1.413589508197E-03
  9.82657589101 -1.215290000000E-03
  10.2045211176 -1.052335901639E-03
  10.5824663442 -9.172057377050E-04
  10.9604115707 -8.042290163930E-04
  11.3383567973 -7.090022950820E-04
  12.2832198638 -5.282288524590E-04
  13.2280829302 -4.035316393440E-04
  14.1729459966 -3.147545901640E-04
  15.1178090631 -2.499655737700E-04
  16.0626721295 -2.016448865080E-04
  17.0075351960 -1.648918625570E-04
  17.9523982624 -1.364674245900E-04
  18.8972613289 -1.141513841800E-04
  19.8421243953 -9.639804279000E-05
  20.7869874617 -8.209393964600E-05
  21.7318505282 -7.047209559800E-05
  22.6767135946 -6.091940355100E-05
  23.6215766611 -5.300470994300E-05
  25.5113027940 -4.081892181500E-05
  26.4561658604 -3.611405428500E-05
  27.4010289268 -3.208542321100E-05
  28.3458919933 -2.864252490000E-05
  29.2907550597 -2.566441619700E-05
  30.2356181262 -2.305948691500E-05
  31.1804811926 -2.081090589200E-05
  32.1253442591 -1.884378048900E-05
  33.0702073255 -1.712330527200E-05
  61 separations and energies for 45 degrees
  2.45664397275    0.484479718131
  2.64561658604    0.327796154328
  2.83458919933    0.215222696426
  3.02356181262    0.136551980230
  3.21253442591  8.266375032787E-02
  3.40150703919  4.652714147541E-02
  3.59047965248  2.272477360656E-02
  3.77945226577  7.408852950820E-03
  3.96842487906 -2.137030983607E-03
  4.15739749235 -7.805380983607E-03
  4.34637010564 -1.090184409836E-02
  4.53534271893 -1.232106639344E-02
  4.72431533221 -1.267342131147E-02
  4.91328794550 -1.237226278689E-02
  5.10226055879 -1.169465901639E-02
  5.29123317208 -1.082358819672E-02
  5.48020578537 -9.876851475410E-03
  5.66917839866 -8.927833934426E-03
  5.85815101195 -8.019922622951E-03
  6.04712362523 -7.176567540984E-03
  6.23609623852 -6.408386065574E-03
  6.42506885181 -5.718004426230E-03
  6.61404146510 -5.103174262295E-03
  6.80301407839 -4.558992622951E-03
  6.99198669168 -4.079176557377E-03
  7.18095930497 -3.657067540984E-03
  7.36993191825 -3.286035573770E-03
  7.55890453154 -2.959821147541E-03
  7.93684975812 -2.419987213115E-03
  8.31479498470 -1.999470983607E-03
  8.69274021127 -1.668870491803E-03
  9.07068543785 -1.406211803279E-03
  9.44863066443 -1.195282459016E-03
  9.82657589101 -1.024150983607E-03
  10.2045211176 -8.839254098360E-04
  10.5824663442 -7.680052459020E-04
  10.9604115707 -6.713580327870E-04
  11.3383567973 -5.900903278690E-04
  12.2832198638 -4.365363934430E-04
  13.2280829302 -3.312586885250E-04
  14.1729459966 -2.567521311480E-04
  15.1178090631 -2.026836065570E-04
  16.0626721295 -1.625883816390E-04
  17.0075351960 -1.322406053770E-04
  17.9523982624 -1.088883123930E-04
  18.8972613289 -9.064120898700E-05
  19.8421243953 -7.619269941300E-05
  20.7869874617 -6.460090503000E-05
  21.7318505282 -5.522562550700E-05
  22.6767135946 -4.754802333800E-05
  23.6215766611 -4.121397311500E-05
  24.5664397275 -3.593867197200E-05
  25.5113027940 -3.151144238700E-05
  26.4561658604 -2.778944460300E-05
  27.4010289268 -2.460966635100E-05
  28.3458919933 -2.190261604300E-05
  29.2907550597 -1.956745783300E-05
  30.2356181262 -1.752741675600E-05
  31.1804811926 -1.577568064600E-05
  32.1253442591 -1.424700938400E-05
  33.0702073255 -1.290726503100E-05
  61 separations and energies for 50 degrees
  2.45664397275    0.404006888820
  2.64561658604    0.271600748721
  2.83458919933    0.177378909738
  3.02356181262    0.111852488721
  3.21253442591  6.708611049180E-02
  3.40150703919  3.712512344262E-02
  3.59047965248  1.743364508197E-02
  3.77945226577  4.807377704918E-03
  3.96842487906 -3.013975573770E-03
  4.15739749235 -7.605993114754E-03
  4.34637010564 -1.005728983607E-02
  4.53534271893 -1.111603278688E-02
  4.72431533221 -1.129358196721E-02
  4.91328794550 -1.093637557377E-02
  5.10226055879 -1.027652065574E-02
  5.29123317208 -9.466713934426E-03
  5.48020578537 -8.604808032787E-03
  5.66917839866 -7.751157049180E-03
  5.85815101195 -6.940899016393E-03
  6.04712362523 -6.192546885246E-03
  6.23609623852 -5.513911967213E-03
  6.42506885181 -4.906233934426E-03
  6.61404146510 -4.366694918033E-03
  6.80301407839 -3.890474426230E-03
  6.99198669168 -3.471599508197E-03
  7.18095930497 -3.103911147541E-03
  7.36993191825 -2.781400327869E-03
  7.55890453154 -2.498469016393E-03
  7.93684975812 -2.031643770492E-03
  8.31479498470 -1.669519672131E-03
  8.69274021127 -1.385971803279E-03
  9.07068543785 -1.161658688525E-03
  9.44863066443 -9.822759016390E-04
  9.82657589101 -8.373624590160E-04
  10.2045211176 -7.191359016390E-04
  10.5824663442 -6.218047540980E-04
  10.9604115707 -5.409765573770E-04
  11.3383567973 -4.733293442620E-04
  12.2832198638 -3.462844262300E-04
  13.2280829302 -2.599967213110E-04
  14.1729459966 -1.994601639340E-04
  15.1178090631 -1.559016393440E-04
  16.0626721295 -1.239004886390E-04
  17.0075351960 -9.986521299200E-05
  17.9523982624 -8.152519525600E-05
  18.8972613289 -6.730229370000E-05
  19.8421243953 -5.612186267900E-05
  20.7869874617 -4.721515015900E-05
  21.7318505282 -4.006461280300E-05
  22.6767135946 -3.424637306200E-05
  23.6215766611 -2.947995080800E-05
  24.5664397275 -2.553441029800E-05
  25.5113027940 -2.224271456100E-05
  26.4561658604 -1.949616888900E-05
  27.4010289268 -1.715999047000E-05
  28.3458919933 -1.517766582300E-05
  29.2907550597 -1.348277274900E-05
  30.2356181262 -1.200835642500E-05
  31.1804811926 -1.075933209700E-05
  32.1253442591 -9.666589420000E-06
  33.0702073255 -8.713584637000E-06
  61 separations and energies for 55 degrees
  2.45664397275    0.336982538721
  2.64561658604    0.225069504197
  2.83458919933    0.146141561115
  3.02356181262  9.153106999508E-02
  3.21253442591  5.434707983607E-02
  3.40150703919  2.952552852459E-02
  3.59047965248  1.325975967213E-02
  3.77945226577  2.874841639344E-03
  3.96842487906 -3.512340983607E-03
  4.15739749235 -7.213862459016E-03
  4.34637010564 -9.137603606557E-03
  4.53534271893 -9.908823934426E-03
  4.72431533221 -9.955237049180E-03
  4.91328794550 -9.566616393443E-03
  5.10226055879 -8.936744918033E-03
  5.29123317208 -8.192538360656E-03
  5.48020578537 -7.414838360656E-03
  5.66917839866 -6.653040491803E-03
  5.85815101195 -5.935342786885E-03
  6.04712362523 -5.276182622951E-03
  6.23609623852 -4.681114262295E-03
  6.42506885181 -4.150269344262E-03
  6.61404146510 -3.680532459016E-03
  6.80301407839 -3.267152622951E-03
  6.99198669168 -2.904567868852E-03
  7.18095930497 -2.587160163934E-03
  7.36993191825 -2.309480983607E-03
  7.55890453154 -2.066511803279E-03
  7.93684975812 -1.667266721311E-03
  8.31479498470 -1.359181311475E-03
  8.69274021127 -1.119356557377E-03
  9.07068543785 -9.306970491800E-04
  9.44863066443 -7.807398360660E-04
  9.82657589101 -6.603334426230E-04
  10.2045211176 -5.627259016390E-04
  10.5824663442 -4.828537704920E-04
  10.9604115707 -4.169555737700E-04
  11.3383567973 -3.621078688520E-04
  12.2832198638 -2.601224590160E-04
  13.2280829302 -1.918247540980E-04
  14.1729459966 -1.445786885250E-04
  15.1178090631 -1.110506557380E-04
  16.0626721295 -8.675367810000E-05
  17.0075351960 -6.876027877700E-05
  17.9523982624 -5.520551108500E-05
  18.8972613289 -4.483534938700E-05
  19.8421243953 -3.677774450700E-05
  20.7869874617 -3.046510178500E-05
  21.7318505282 -2.544175857200E-05
  22.6767135946 -2.141783381500E-05
  23.6215766611 -1.815462384400E-05
  24.5664397275 -1.549230985200E-05
  25.5113027940 -1.329123777200E-05
  26.4561658604 -1.148650997700E-05
  27.4010289268 -9.963413661000E-06
  28.3458919933 -8.687424258000E-06
  29.2907550597 -7.609319285000E-06
  30.2356181262 -6.692910824000E-06
  31.1804811926 -5.902453974000E-06
  32.1253442591 -5.231206977000E-06
  33.0702073255 -4.652318701000E-06
  61 separations and energies for 60 degrees
  2.456643972751340 0.282599285704918
  2.645616586039900 0.187531704131148
  2.834589199328470 0.121042730950820
  3.023561812617030 0.075279503052459
  3.212534425905590 0.044241327868853
  3.401507039194160 0.023584224918033
  3.590479652482720 0.010094468852459
  3.779452265771290 0.001523610327869
  3.968424879059850 -0.003706418032787
  4.157397492348420 -0.006694371967213
  4.346370105636980 -0.008201414918033
  4.535342718925540 -0.008752378360656
  4.724315332214110 -0.008706234590164
  4.913287945502670 -0.008306091311475
  5.102260558791240 -0.007714021454918
  5.291233172079800 -0.007035750000000
  5.480205785368370 -0.006338098114754
  5.669178398656930 -0.005661411782787
  5.858151011945490 -0.005028380799180
  6.047123625234060 -0.004450095266393
  6.236096238522620 -0.003930391987705
  6.425068851811190 -0.003468571352459
  6.614041465099750 -0.003061394815574
  6.803014078388320 -0.002704264569672
  6.991986691676880 -0.002392048135246
  7.180959304965440 -0.002119589713115
  7.369931918254010 -0.001882008094262
  7.558904531542570 -0.001674781823770
  7.936849758119700 -0.001336070040984
  8.314794984696830 -0.001076526987705
  8.692740211273960 -0.000875962930328
  9.070685437851090 -0.000719450065574
  9.448630664428220 -0.000596052010246
  9.826575891005350 -0.000497857778689
  10.204521117582500 -0.000418955897541
  10.582466344159600 -0.000354982793033
  10.960411570736700 -0.000302680899590
  11.338356797313900 -0.000259538311115
  12.283219863756700 -0.000180520970820
  13.228082930199500 -0.000128717530885
  14.172945996642300 -0.000093681715446
  15.117809063085100 -0.000069401988510
  16.062672129528000 -0.000052221029910
  17.007535195970800 -0.000039811159790
  17.952398262413600 -0.000030698028585
  18.897261328856400 -0.000023900199426
  19.842124395299300 -0.000018754288246
  20.786987461742100 -0.000014833773439
  21.731850528184900 -0.000011797996357
  22.676713594627700 -0.000009437528071
  23.621576661070500 -0.000007576877209
  24.566439727513400 -0.000006106964977
  25.511302793956200 -0.000004925966134
  26.456165860399000 -0.000003998796345
  27.401028926841800 -0.000003234225651
  28.345891993284600 -0.000002617369721
  29.290755059727500 -0.000002115007176
  30.235618126170300 -0.000001703790982
  31.180481192613100 -0.000001365966536
  32.125344259055900 -0.000001081521710
  33.070207325498800 -0.000000852149520
  61 separations and energies for 65 degrees
  2.45664397275    0.239652331033
  2.64561658604    0.158053307180
  2.83458919933    0.101423796377
  3.02356181262  6.264985162295E-02
  3.21253442591  3.646399885246E-02
  3.40150703919  1.908979213115E-02
  3.59047965248  7.786141147541E-03
  3.77945226577  6.409157377050E-04
  3.96842487906 -3.683425081967E-03
  4.15739749235 -6.117472622951E-03
  4.34637010564 -7.306431803279E-03
  4.53534271893 -7.695209672131E-03
  4.72431533221 -7.587986721311E-03
  4.91328794550 -7.190552459016E-03
  5.10226055879 -6.639513770492E-03
  5.29123317208 -6.023669344262E-03
  5.48020578537 -5.398647868852E-03
  5.66917839866 -4.797664918033E-03
  5.85815101195 -4.239054426230E-03
  6.04712362523 -3.731397704918E-03
  6.23609623852 -3.277214918033E-03
  6.42506885181 -2.875228688525E-03
  6.61404146510 -2.522147540984E-03
  6.80301407839 -2.213590491803E-03
  6.99198669168 -1.944839016393E-03
  7.18095930497 -1.711205081967E-03
  7.36993191825 -1.508209180328E-03
  7.55890453154 -1.331926721311E-03
  7.93684975812 -1.045540541639E-03
  8.31479498470 -8.280133607870E-04
  8.69274021127 -6.615474097210E-04
  9.07068543785 -5.329667457380E-04
  9.44863066443 -4.327696831310E-04
  9.82657589101 -3.539724757210E-04
  10.2045211176 -2.914680992130E-04
  10.5824663442 -2.414616355410E-04
  10.9604115707 -2.011183323770E-04
  11.3383567973 -1.683036144590E-04
  12.2832198638 -1.095421850490E-04
  13.2280829302 -7.237277125100E-05
  14.1729459966 -4.817915382600E-05
  15.1178090631 -3.211579325900E-05
  16.0626721295 -2.127707420500E-05
  17.0075351960 -1.385241010500E-05
  17.9523982624 -8.702035071000E-06
  18.8972613289 -5.090750270000E-06
  19.8421243953 -2.563811472000E-06
  20.7869874617 -7.773268370000E-07
  21.7318505282  4.720851110000E-07
  22.6767135946  1.345024918000E-06
  23.6215766611  1.941301049000E-06
  24.5664397275  2.342765210000E-06
  25.5113027940  2.613185478000E-06
  26.4561658604  2.745914660000E-06
  27.4010289268  2.828591143000E-06
  28.3458919933  2.852637811000E-06
  29.2907550597  2.837056694000E-06
  30.2356181262  2.793647820000E-06
  31.1804811926  2.730873521000E-06
  32.1253442591  2.654890017000E-06
  33.0702073255  2.570283539000E-06
  61 separations and energies for 70 degrees
  2.45664397275    0.206800075852
  2.64561658604    0.135622893180
  2.83458919933  8.656896606885E-02
  3.02356181262  5.314908075738E-02
  3.21253442591  3.067626573770E-02
  3.40150703919  1.580809852459E-02
  3.59047965248  6.170243770492E-03
  3.77945226577  1.085540983610E-04
  3.96842487906 -3.530622131148E-03
  4.15739749235 -5.549563934426E-03
  4.34637010564 -6.504442295082E-03
  4.53534271893 -6.778645409836E-03
  4.72431533221 -6.634181475410E-03
  4.91328794550 -6.247803934426E-03
  5.10226055879 -5.736636065574E-03
  5.29123317208 -5.176272131148E-03
  5.48020578537 -4.613802295082E-03
  5.66917839866 -4.077043606557E-03
  5.85815101195 -3.580939508197E-03
  6.04712362523 -3.132275245902E-03
  6.23609623852 -2.732570983607E-03
  6.42506885181 -2.380251803279E-03
  6.61404146510 -2.072016229508E-03
  6.80301407839 -1.803703770492E-03
  6.99198669168 -1.570946393443E-03
  7.18095930497 -1.369415573770E-03
  7.36993191825 -1.195103770492E-03
  7.55890453154 -1.044394426230E-03
  7.93684975812 -8.013885917380E-04
  8.31479498470 -6.187715937380E-04
  8.69274021127 -4.806395319340E-04
  9.07068543785 -3.753921952790E-04
  9.44863066443 -2.945560159020E-04
  9.82657589101 -2.320111800980E-04
  10.2045211176 -1.832695055570E-04
  10.5824663442 -1.450082051800E-04
  10.9604115707 -1.147507714430E-04
  11.3383567973 -9.065555025400E-05
  12.2832198638 -4.903062481300E-05
  13.2280829302 -2.426613294300E-05
  14.1729459966 -9.277167183000E-06
  15.1178090631 -2.101001650000E-07
  16.0626721295  5.229038520000E-06
  17.0075351960  8.402506580000E-06
  17.9523982624  1.018109992400E-05
  18.8972613289  1.103491522500E-05
  19.8421243953  1.135369140500E-05
  20.7869874617  1.129262132500E-05
  21.7318505282  1.102248217900E-05
  22.6767135946  1.061017225400E-05
  23.6215766611  1.013011731800E-05
  24.5664397275  9.609388525000E-06
  25.5113027940  9.094202280000E-06
  26.4561658604  8.550616022000E-06
  27.4010289268  8.047403303000E-06
  28.3458919933  7.562022128000E-06
  29.2907550597  7.101184689000E-06
  30.2356181262  6.666928997000E-06
  31.1804811926  6.259565626000E-06
  32.1253442591  5.878673392000E-06
  33.0702073255  5.523309393000E-06
  61 separations and energies for 75 degrees
  2.45664397275    0.182756943639
  2.64561658604    0.119285660393
  2.83458919933  7.580120805902E-02
  3.02356181262  4.630746716066E-02
  3.21253442591  2.655358770492E-02
  3.40150703919  1.351550901639E-02
  3.59047965248  5.091640983607E-03
  3.77945226577 -1.825711475410E-04
  3.96842487906 -3.326264262295E-03
  4.15739749235 -5.047840000000E-03
  4.34637010564 -5.838110983607E-03
  4.53534271893 -6.035273606557E-03
  4.72431533221 -5.870053442623E-03
  4.91328794550 -5.498004262295E-03
  5.10226055879 -5.021727377049E-03
  5.29123317208 -4.507147049180E-03
  5.48020578537 -3.995133934426E-03
  5.66917839866 -3.509495081967E-03
  5.85815101195 -3.062887868852E-03
  6.04712362523 -2.660676065574E-03
  6.23609623852 -2.303772295082E-03
  6.42506885181 -1.990392131148E-03
  6.61404146510 -1.717274098361E-03
  6.80301407839 -1.480458196721E-03
  6.99198669168 -1.275825409836E-03
  7.18095930497 -1.099429672131E-03
  7.36993191825 -9.475324590160E-04
  7.55890453154 -8.168377049180E-04
  7.93684975812 -6.078700594260E-04
  8.31479498470 -4.526016127050E-04
  8.69274021127 -3.367489446720E-04
  9.07068543785 -2.498386516390E-04
  9.44863066443 -1.842808790980E-04
  9.82657589101 -1.345824208850E-04
  10.2045211176 -9.677716236900E-05
  10.5824663442 -6.779233954400E-05
  10.9604115707 -4.558860593000E-05
  11.3383567973 -2.841366390000E-05
  12.2832198638 -4.601388490000E-07
  13.2280829302  1.440290944600E-05
  14.1729459966  2.201779141000E-05
  15.1178090631  2.548853099500E-05
  16.0626721295  2.658714311000E-05
  17.0075351960  2.635600423300E-05
  17.9523982624  2.539549156400E-05
  18.8972613289  2.407185422000E-05
  19.8421243953  2.258218491800E-05
  20.7869874617  2.105096008000E-05
  21.7318505282  1.954472767400E-05
  22.6767135946  1.810448183600E-05
  23.6215766611  1.674908231300E-05
  24.5664397275  1.548867980300E-05
  25.5113027940  1.433690563000E-05
  26.4561658604  1.324726252600E-05
  27.4010289268  1.227071342000E-05
  28.3458919933  1.137363014300E-05
  29.2907550597  1.055288368500E-05
  30.2356181262  9.802610187000E-06
  31.1804811926  9.116657519000E-06
  32.1253442591  8.489139466000E-06
  33.0702073255  7.914716021000E-06
  61 separations and energies for 80 degrees
  2.45664397275    0.166423670820
  2.64561658604    0.108231454459
  2.83458919933  6.854624597377E-02
  3.02356181262  4.172478785902E-02
  3.21253442591  2.381891832131E-02
  3.40150703919  1.202177449836E-02
  3.59047965248  4.419536914098E-03
  3.77945226577 -3.231104940070E-04
  3.96842487906 -3.133992931148E-03
  4.15739749235 -4.657527615738E-03
  4.34637010564 -5.340029421639E-03
  4.53534271893 -5.488802876066E-03
  4.72431533221 -5.313377529180E-03
  4.91328794550 -4.954584856393E-03
  5.10226055879 -4.505280427541E-03
  5.29123317208 -4.024770902295E-03
  5.48020578537 -3.549673546230E-03
  5.66917839866 -3.101125239344E-03
  5.85815101195 -2.690198853770E-03
  6.04712362523 -2.321415310164E-03
  6.23609623852 -1.995265323279E-03
  6.42506885181 -1.709785548852E-03
  6.61404146510 -1.461785737705E-03
  6.80301407839 -1.247508059016E-03
  6.99198669168 -1.063031302295E-03
  7.18095930497 -9.046256398690E-04
  7.36993191825 -7.688202342300E-04
  7.55890453154 -6.524446386890E-04
  7.93684975812 -4.678545799340E-04
  8.31479498470 -3.322071824260E-04
  8.69274021127 -2.323451425570E-04
  9.07068543785 -1.586246502300E-04
  9.44863066443 -1.040774961310E-04
  9.82657589101 -6.369234401800E-05
  10.2045211176 -3.372756928500E-05
  10.5824663442 -1.153633021300E-05
  10.9604115707  4.890407132000E-06
  11.3383567973  1.702865505900E-05
  12.2832198638  3.504483237000E-05
  13.2280829302  4.268197394100E-05
  14.1729459966  4.493410739300E-05
  15.1178090631  4.432148018500E-05
  16.0626721295  4.224834211000E-05
  17.0075351960  3.951855039200E-05
  17.9523982624  3.656831811000E-05
  18.8972613289  3.363331316100E-05
  19.8421243953  3.083093049300E-05
  20.7869874617  2.821590283400E-05
  21.7318505282  2.580789438500E-05
  22.6767135946  2.361030945100E-05
  23.6215766611  2.161514140700E-05
  24.5664397275  1.981005107200E-05
  25.5113027940  1.819151179700E-05
  26.4561658604  1.670106843300E-05
  27.4010289268  1.537681111500E-05
  28.3458919933  1.417725261300E-05
  29.2907550597  1.309204107700E-05
  30.2356181262  1.210950243300E-05
  31.1804811926  1.121875231300E-05
  32.1253442591  1.040999073400E-05
  33.0702073255  9.674503872000E-06
  61 separations and energies for 85 degrees
  2.45664397275	 0.156968457557
  2.64561658604	 0.101850726557
  2.83458919933  6.437151004590E-02
  3.02356181262  3.909945401475E-02
  3.21253442591  2.226383275410E-02
  3.40150703919  1.118413484590E-02
  3.59047965248  4.056206258361E-03
  3.77945226577 -3.801803067280E-04
  3.96842487906 -3.000014866885E-03
  4.15739749235 -4.410659478033E-03
  4.34637010564 -5.032562705574E-03
  4.53534271893 -5.155066865574E-03
  4.72431533221 -4.975319169836E-03
  4.91328794550 -4.625741813770E-03
  5.10226055879 -4.193381097705E-03
  5.29123317208 -3.733846464262E-03
  5.48020578537 -3.281219707541E-03
  5.66917839866 -2.855134839344E-03
  5.85815101195 -2.465765190820E-03
  6.04712362523 -2.117101914754E-03
  6.23609623852 -1.809387687869E-03
  6.42506885181 -1.540661618361E-03
  6.61404146510 -1.307759321967E-03
  6.80301407839 -1.107047362623E-03
  6.99198669168 -9.346744960000E-04
  7.18095930497 -7.870738633440E-04
  7.36993191825 -6.608860697700E-04
  7.55890453154 -5.531544624260E-04
  7.93684975812 -3.831525532790E-04
  8.31479498470 -2.593230594260E-04
  8.69274021127 -1.690984508200E-04
  9.07068543785 -1.033272090160E-04
  9.44863066443 -5.541523530700E-05
  9.82657589101 -2.059144246400E-05
  10.2045211176  4.595266807000E-06
  10.5824663442  2.269846091500E-05
  10.9604115707  3.560132300200E-05
  11.3383567973  4.468947116900E-05
  12.2832198638  5.663700052100E-05
  13.2280829302  5.992051304300E-05
  14.1729459966  5.891200707200E-05
  15.1178090631  5.580864711600E-05
  16.0626721295  5.186924696900E-05
  17.0075351960  4.754905336100E-05
  17.9523982624  4.338868647000E-05
  18.8972613289  3.947461883600E-05
  19.8421243953  3.587141989700E-05
  20.7869874617  3.259468783400E-05
  21.7318505282  2.963609083600E-05
  22.6767135946  2.697613927200E-05
  23.6215766611  2.459025298400E-05
  24.5664397275  2.245083163000E-05
  25.5113027940  2.052364729300E-05
  26.4561658604  1.883718593100E-05
  27.4010289268  1.728029393800E-05
  28.3458919933  1.589328533900E-05
  29.2907550597  1.464601202000E-05
  30.2356181262  1.352137580200E-05
  31.1804811926  1.250533520000E-05
  32.1253442591  1.158565418500E-05
  33.0702073255  1.075164464300E-05
61 points and well depth for 90 degrees
  2.45664397275    0.153875044000
  2.64561658604  9.976632852459E-02
  2.83458919933  6.300999893770E-02
  3.02356181262  3.824525831967E-02
  3.21253442591  2.175987169180E-02
  3.40150703919  1.091475737049E-02
  3.59047965248  3.941841358689E-03
  3.77945226577 -3.946188140070E-04
  3.96842487906 -2.952219307541E-03
  4.15739749235 -4.326268672787E-03
  4.34637010564 -4.928685390164E-03
  4.53534271893 -5.042890944262E-03
  4.72431533221 -4.862016199344E-03
  4.91328794550 -4.515702607213E-03
  5.10226055879 -4.089138699016E-03
  5.29123317208 -3.636643618361E-03
  5.48020578537 -3.191553854426E-03
  5.66917839866 -2.773003681311E-03
  5.85815101195 -2.390817782951E-03
  6.04712362523 -2.048868388361E-03
  6.23609623852 -1.747324497377E-03
  6.42506885181 -1.484191402459E-03
  6.61404146510 -1.256352746393E-03
  6.80301407839 -1.060110691803E-03
  6.99198669168 -8.917664470490E-04
  7.18095930497 -7.477508905900E-04
  7.36993191825 -6.247851088200E-04
  7.55890453154 -5.199232182460E-04
  7.93684975812 -3.548146298520E-04
  8.31479498470 -2.349234623610E-04
  8.69274021127 -1.479095389670E-04
  9.07068543785 -8.478209145100E-05
  9.44863066443 -3.907833313400E-05
  9.82657589101 -6.135252843000E-06
  10.2045211176  1.745435254600E-05
  10.5824663442  3.418880090200E-05
  10.9604115707  4.592315006900E-05
  11.3383567973  5.396450314900E-05
  12.2832198638  6.390780411000E-05
  13.2280829302  6.571842939800E-05
  14.1729459966  6.361288447700E-05
  15.1178090631  5.965554504400E-05
  16.0626721295  5.507075603900E-05
  17.0075351960  5.025403757500E-05
  17.9523982624  4.568347310000E-05
  18.8972613289  4.143938942100E-05
  19.8421243953  3.756675026900E-05
  20.7869874617  3.406763558700E-05
  21.7318505282  3.092386919000E-05
  22.6767135946  2.810849669500E-05
  23.6215766611  2.559121428200E-05
  24.5664397275  2.334004016700E-05
  25.5113027940  2.134229987900E-05
  26.4561658604  1.953178461800E-05
  27.4010289268  1.791710997000E-05
  28.3458919933  1.646810343600E-05
  29.2907550597  1.516739028200E-05
  30.2356181262  1.399546156100E-05
  31.1804811926  1.293755266600E-05
  32.1253442591  1.198071128000E-05
  33.0702073255  1.111368464600E-05