PC_mult_orb potential (NLONG=4, default params)
0.001  1E-9  0.0005
67
4
1.5117809000000        1.5744552900000
    1.7007535120000       0.98492686000000
    1.8897261250000       0.61434604000000
    2.0786987370000       0.37994103000000
    2.2676713500000       0.23274877000000
    2.4566439620000       0.14118634000000
    2.6456165750000       0.84666310000000E-01
    2.8345891870000       0.49977670000000E-01
    3.0235618000000       0.28791530000000E-01
    3.2125344120000       0.15925390000000E-01
    3.4015070250000       0.81776200000000E-02
    3.5904796370000       0.35757600000000E-02
    3.7794522500000       0.90440000000000E-03
    3.9684248620000      -0.58678000000000E-03
    4.1573974750000      -0.13614000000000E-02
    4.2518837810000      -0.15747900000000E-02
    4.3463700870000      -0.17074500000000E-02
    4.3936132410000      -0.17495900000000E-02
    4.4408563940000      -0.17782400000000E-02
    4.4880995470000      -0.17955800000000E-02
    4.5353427000000      -0.18032200000000E-02
    4.5825858530000      -0.18020300000000E-02
    4.6298290060000      -0.17933100000000E-02
    4.6770721590000      -0.17785600000000E-02
    4.7243153120000      -0.17587600000000E-02
    4.8188016190000      -0.17100000000000E-02
    4.8660447720000      -0.16800000000000E-02
    4.9132879250000      -0.16414100000000E-02
    4.9605310780000      -0.16100000000000E-02
    5.0077742310000      -0.15700000000000E-02
    5.0550173840000      -0.15300000000000E-02
    5.1022605370000      -0.14914800000000E-02
    5.1967468440000      -0.14100000000000E-02
    5.2912331500000      -0.13325200000000E-02
    5.4802057620000      -0.11782500000000E-02
    5.6691783750000      -0.10355300000000E-02
    5.8581509870000      -0.90670000000000E-03
    6.0471236000000      -0.79268000000000E-03
    6.2360962120000      -0.69297000000000E-03
    6.4250688250000      -0.60642000000000E-03
    6.6140414370000      -0.53180000000000E-03
    6.8030140500000      -0.46725000000000E-03
    6.9919866620000      -0.41178000000000E-03
    7.1809592750000      -0.36396000000000E-03
    7.3699318870000      -0.32274000000000E-03
    7.5589045000000      -0.28700000000000E-03
    7.7478771120000      -0.25600000000000E-03
    7.9368497250000      -0.22900000000000E-03
    8.1258223370000      -0.20600000000000E-03
    8.3147949500000      -0.18600000000000E-03
    8.5037675620000      -0.16800000000000E-03
    8.6927401750000      -0.15200000000000E-03
    8.8817127870000      -0.13800000000000E-03
    9.0706854000000      -0.12600000000000E-03
    9.2596580120000      -0.11500000000000E-03
    9.4486306250000      -0.10500000000000E-03
    9.6376032370000      -0.96100000000000E-04
    9.8265758500000      -0.88300000000000E-04
    10.015548460000      -0.81200000000000E-04
    10.204521070000      -0.74900000000000E-04
    10.582466300000      -0.63900000000000E-04
    10.960411520000      -0.54900000000000E-04
    11.338356750000      -0.47500000000000E-04
    12.283219810000      -0.33800000000000E-04
    13.228082870000      -0.24700000000000E-04
    15.117809000000      -0.14200000000000E-04
    18.897261250000      -0.56800000000000E-05